100
11900
5940
24448
28979
26250
2207
22464
22321
11153
10955
6849
6623
10165
13331
9985
6416
27020
11919
31949
14382
23017
26259
25269
24797
17394
8825
20028
6363
9081
1953
17620
12074
11657
20661
18697
17522
18238
14642
10236
12961
24282
16932
15123
6100
23318
13361
29167
2170
5302
728
14494
11446
3680
29947
3602
19718
24238
13979
24274
4643
130
14308
30704
31784
32154
32105
9787
21749
10084
17840
21941
8662
21011
10225
17736
22624
17906
4123
8884
23196
23288
15384
8908
32360
29341
7762
27106
9241
17389
18806
22656
8293
11739
18808
4185
32129
983
3543
17790
22406